8

1111111111111111111111110000000000000000000000000000000000000000
0000000000000000000001001010010000110100000010010010000011110011
1111111111111111111101001111011111101000010000110000001100100001
0000000000000000000100001101011111010010001010011001111110011100
1111111111111111111011100010110011010101110001010100000011001111
0000000000000000000011010100110101101011101000101011000010011100
1111111111111111111110010010101110100101001000011110100011011001
0000000000000000000000100011011011010111001110010111101001100000
1111111111111111111111111010011000001010011010011111110101111110

0000000000000000000000000000000000001000010001101101001110110100
0000000000000000000000000000000001000010001101101001110110011100
0000000000000000000000000000000011100111101111110010011110100011
0000000000000000000000000000000111001111011111100100111101000101
0000000000000000000000000000001001000011010111011110001100010110
0000000000000000000000000000000111001111011111100100111101000101
0000000000000000000000000000000011100111101111110010011110100011
0000000000000000000000000000000001000010001101101001110110011100
0000000000000000000000000000000000001000010001101101001110110100
