0000000000000000000000100000000000000000000000000000000000000000
0000000000000000000000111000000000000000000000000000000000000000
1111111111111111111101100000000000000000000000000000000000000000
0000000000000000000101100000000000000000000000000000000000000000
1111111111111111111011110000000000000000000000000000000000000000
0000000000000001111101000000000000000000000000000000000000000000
1111111111111010101100110000000000000000000000000000000000000000
1111111111111111111011100010011010100111111011111001110110110010
0000000000001101011000010000000000000000000000000000000000000000
1111111111111111110010100000000000000000000000000000000000000000
