1111111111111111111110000000000000000000000000000000000000000000
0000000000000000000100100101111010111000010100011110101110000101
0000000000000000000001010000000000000000000000000000000000000000
1111111111111111110111110000000000000000000000000000000000000000
0000000000000000000001010000000000000000000000000000000000000000
0000000000000000000011110000000000000000000000000000000000000000
1111111111111111111010010000000000000000000000000000000000000000
0000000000000000010001000000000000000000000000000000000000000000
1111111111111111111111100100111101111010010011100111101010110111
0000000000000000000000011111110010001101111000101010110000110010
