3.550206e+01
5.169374e+02
3.642147e+03
1.657312e+04
5.482990e+04
1.406945e+05
2.915346e+05
5.012102e+05
7.288227e+05
9.096689e+05
9.871057e+05
9.434980e+05
8.050272e+05
6.160618e+05
4.058684e+05
1.768196e+05
-7.827026e+04
-3.501981e+05
-6.059089e+05
-8.059822e+05
-9.280857e+05
-9.733024e+05
-9.519799e+05
-8.669692e+05
-7.126241e+05
-4.890886e+05
-2.148105e+05
7.675083e+04
3.526175e+05
5.922045e+05
7.855132e+05
9.230606e+05
9.908326e+05
9.761205e+05
8.771836e+05
7.059610e+05
4.815714e+05
2.223757e+05
-5.535581e+04
-3.328826e+05
-5.862245e+05
-7.902785e+05
-9.265104e+05
-9.867729e+05
-9.704147e+05
-8.793423e+05
-7.173075e+05
-4.939347e+05
-2.279462e+05
5.528608e+04
3.303994e+05
5.769380e+05
7.788980e+05
9.215439e+05
9.909284e+05
9.779256e+05
8.829718e+05
7.165756e+05
4.951135e+05
2.362094e+05
-4.224274e+04
-3.200385e+05
-5.738316e+05
-7.802631e+05
-9.211846e+05
-9.867000e+05
-9.741340e+05
-8.852673e+05
-7.254622e+05
-5.054165e+05
-2.427708e+05
3.933820e+04
3.164698e+05
5.667211e+05
7.718472e+05
9.164591e+05
9.880226e+05
9.789824e+05
8.894363e+05
7.277617e+05
5.085245e+05
2.495619e+05
-2.954494e+04
-3.074893e+05
-5.616085e+05
-7.700791e+05
-9.152405e+05
-9.859447e+05
-9.777399e+05
-8.917792e+05
-7.342200e+05
-5.166769e+05
-2.565335e+05
2.433366e+04
3.023919e+05
5.553399e+05
7.637066e+05
9.113280e+05
9.859480e+05
9.806612e+05
