1111111111111111111100000000000000000000000000000000000000000000
0000000000000000010000000100101110000101000111101011100001010010
1111111111111111110011100000000000000000000000000000000000000000
1111111111111101001010100000000000000000000000000000000000000000
1111111111111111101010110000000000000000000000000000000000000000
0000000000011101010011000000000000000000000000000000000000000000
0000000001111001111010110000000000000000000000000000000000000000
1111111111111011010000100100010010011011101001011110001101010100
1111111111101001011001010101001101010011111101111100111011011001
1111111111111111100101001011101000010010001011111010110101101101
