1111111111111111111110100000000000000000000000000000000000000000
0000000000000000000101011101111010111000010100011110101110000101
1111111111111111111110110000000000000000000000000000000000000000
1111111111111111111101010000000000000000000000000000000000000000
1111111111111111111101000000000000000000000000000000000000000000
0000000000000010000000110000000000000000000000000000000000000000
1111111111111010100111000000000000000000000000000000000000000000
0000000000000000001100100010011010100111111011111001110110110010
0000000000001101010111110100111101111010010011100111101010111000
1111111111111111110010111111110010001101111000101010110000110010
