0000000000000000000000000000000000000010010100111010000000110101
0000000000000000000000000000000000100001111000001100010100100001
0000000000000000000000000000000011101110101100010001011100011110
0000000000000000000000000000010000111110001000101100110010000011
0000000000000000000000000000111000001001010101010001011110001010
0000000000000000000000000010010000000100100011010111101000101011
0000000000000000000000000100101010100010000000111000010001100001
0000000000000000000000001000000001001111010011111111110000101011
0000000000000000000000001011101010010100000111111101000000111111
0000000000000000000000001110100011100000000011111001010100100001
0000000000000000000000001111110010110010111101010001110010110011
0000000000000000000000001111000110001001000101011011110101000000
0000000000000000000000001100111000010110010000111001100010101000
0000000000000000000000001001110110110110001110100010101001001011
0000000000000000000000000110011111100110111111001111110010010101
0000000000000000000000000010110101000100000010111111010011111101
1111111111111111111111111110101111110110011110101111100000011101
1111111111111111111111111010011001011001011010100011111011100010
1111111111111111111111110110010011100011001001110110111110010011
1111111111111111111111110011000110101011001001110010010110101011
1111111111111111111111110001001001101000111110001110111001011000
1111111111111111111111110000011011010101101001111111000111100000
1111111111111111111111110000110001001011000010111011011100001110
1111111111111111111111110010001000001110010011100010001111011001
1111111111111111111111110100100110010001011101101101010001111000
1111111111111111111111111000001011001011000101110011100000101111
1111111111111111111111111100100100000010001011100000011101110110
0000000000000000000000000001001110100101111100010100000100100010
0000000000000000000000000101101001000101001000111101110100001101
0000000000000000000000001001011110011010101101111010001101101111
0000000000000000000000001100100100010111011001010111000100001101
0000000000000000000000001110110001001101101100100110101001110010
0000000000000000000000001111110110100111001101000010111110110111
0000000000000000000000001111100111100011000001111010101001101010
0000000000000000000000001110000010001111000110101101100100011111
0000000000000000000000001011010010111001110111001111010111111000
0000000000000000000000000111101101001000010000110011000100000111
0000000000000000000000000011100011101101100111010000110000010100
1111111111111111111111111111000111010100001100111010101000111001
1111111111111111111111111010101011001000001100111111101010011011
1111111111111111111111110110100111101101001100010011101100000010
1111111111111111111111110011010110110000010011101111100010111110
1111111111111111111111110001001011010000001101110000110101111000
1111111111111111111111110000001101100010110110011101010110100010
1111111111111111111111110000011110010010111001101100111101100110
1111111111111111111111110001111011100011011010111011101111111100
1111111111111111111111110100100001011110100010001001011010100011
1111111111111111111111111000000110001101011111110010011110000111
1111111111111111111111111100010110100101010100001001100111000010
0000000000000000000000000000111000100111001110100111101110111000
0000000000000000000000000101010010010101000011101011101001100110
0000000000000000000000001001001110110010001101100001000110001010
0000000000000000000000001100011101100101110111000011011101011110
0000000000000000000000001110101111101010010011010011101001110110
0000000000000000000000001111110110101101011110110111010010110110
0000000000000000000000001111101001011001010101010101110100001001
0000000000000000000000001110001000001010011100010110011011111010
0000000000000000000000001011011101110001011111111101001111110000
0000000000000000000000000111111010111111110000011110111110000100
0000000000000000000000000011110001111000001110000100000110111000
1111111111111111111111111111010100101111100101000111110000001101
1111111111111111111111111010111000010001111101010001001101001010
1111111111111111111111110110110100011001010111111101010111001011
1111111111111111111111110011100001000000101011001100011100100111
1111111111111111111111110001010000101101001111111011110000110101
1111111111111111111111110000001101100111101000011010011110100011
1111111111111111111111110000011010011111001001111101101101101001
1111111111111111111111110001110101011111000111101101010110010000
1111111111111111111111110100011001001000000110111000011101101100
1111111111111111111111110111111010011101000001101001110100101001
1111111111111111111111111100000111011001110001010011110101011011
0000000000000000000000000000101000010010000100011000010000101111
0000000000000000000000000101000100000100001010011000010011000111
0000000000000000000000001001000100010100101000101101101010111111
0000000000000000000000001100010110010111110001101111100000010110
0000000000000000000000001110101010011101000011110111001001100111
0000000000000000000000001111110011101111000010111101010001100100
0000000000000000000000001111101010011110100101111100111000001000
0000000000000000000000001110001110110010000110010111000001101101
0000000000000000000000001011101001001110100101110110111011111010
0000000000000000000000001000001000101110101010011000101110101100
0000000000000000000000000011111111100011010010010001010101001000
1111111111111111111111111111100001101111101111100011101000001000
1111111111111111111111111011000101001000011000100010011000001000
1111111111111111111111110111000000111010011011001110001010110100
1111111111111111111111110011101011011100000110000011001011101001
1111111111111111111111110001010110110010110011000100001111101011
1111111111111111111111110000001110011001001000010010000101100100
1111111111111111111111110000010110110010110101110000010011110011
1111111111111111111111110001101110110100010111000001011111010110
1111111111111111111111110100010000001010001001111100010011010110
1111111111111111111111110111101110111011000100000101100111001010
1111111111111111111111111011111001010011110100010101011000010110
0000000000000000000000000000011000111010101110110001011101011001
0000000000000000000000000100110101101001100011100010001001100111
0000000000000000000000001000111000101010110000011101011110111111
0000000000000000000000001100001110000010010001101000110101100000
0000000000000000000000001110100101001100110010100011111100101010
0000000000000000000000001111110001100111000101110011111010011010
0000000000000000000000001111101100001100100111000000000111010001
