00000000000001000111111101101110
00000000000010001010001000000000
00000000000011000001001001010101
00000000000011101000100101101111
00000000000011111101010001100110
00000000000011111101100010001011
00000000000011101001010110000111
00000000000011000010010101101000
00000000000010001011101010000011
00000000000001001001101101100111
00000000000000000001110100101110
11111111111110111001110010011010
11111111111101110111011010100000
11111111111101000000000011100101
11111111111100011000001011011010
11111111111100000010111111110011
11111111111100000010001110000101
11111111111100010101111010010001
11111111111100111100011110101110
11111111111101110010110100010111
11111111111110110100100010101111
11111111111111111100010110100101
00000000000001000100011101010000
00000000000010000111000010100100
00000000000010111110101110111000
00000000000011100111000010101101
00000000000011111100101101111111
00000000000011111110000000110110
00000000000011101010110100100110
00000000000011000100101100010011
00000000000010001110101100110001
00000000000001001101001100101011
00000000000000000101011110001000
11111111111110111101010011010101
11111111111101111010100000110100
11111111111101000010011111010010
11111111111100011001101111111100
11111111111100000011100101000011
11111111111100000001110001000011
11111111111100010100011101010011
11111111111100111010001001010100
11111111111101101111110010100100
11111111111110110001000100001011
11111111111111111000101101001101
00000000000001000000111011111000
00000000000010000011111011011001
00000000000010111100010001111100
00000000000011100101011100101011
00000000000011111100000111000110
00000000000011111110011100001110
00000000000011101100010000000010
00000000000011000111000000011100
00000000000010010001101101101001
00000000000001010000101010101111
00000000000000001001000111011101
11111111111111000000110101001000
11111111111101111101101000110111
11111111111101000100111101011101
11111111111100011011010111011110
11111111111100000100001101100110
11111111111100000001010111010101
11111111111100010011000011011001
11111111111100110111110110011110
11111111111101101100110010101001
11111111111110101101100110101000
11111111111111110101000011111011
00000000000000111101011001101011
00000000000010000000110010011111
00000000000010111001110010100100
00000000000011100011110011101010
00000000000011111011011100111011
00000000000011111110110100010011
00000000000011101101101000011010
00000000000011001001010001111110
00000000000010010100101100100111
00000000000001010100000111101111
00000000000000001100110000101011
11111111111111000100010111110000
11111111111110000000110010100110
11111111111101000111011110000011
11111111111100011101000001111101
11111111111100000100111001011001
11111111111100000001000000111011
11111111111100010001101100100100
11111111111100110101100110001111
11111111111101101001110100101000
11111111111110101010001010001010
11111111111111110001011010110010
00000000000000111001110110101010
00000000000001111101100111111011
00000000000010110111010000110001
00000000000011100010000111101100
00000000000011111010101111011111
00000000000011111111001001000011
00000000000011101110111101101100
00000000000011001011100000111010
00000000000010010111101001101010
00000000000001010111100011101010
00000000000000010000011001101110
11111111111111000111111011001001
